[0m         [38;2;0;0;0m[48;2;0;145;88m▀▀[48;2;0;184;112m▀▀▀[48;2;0;145;88m▀[0m         [0m
[0m      [38;2;0;0;0m[48;2;0;145;88m▀[48;2;0;184;112m▀[38;2;0;145;88m▀[38;2;0;184;112m▀▀▀▀▀▀[38;2;0;145;88m▀[38;2;0;0;0m▀[48;2;0;145;88m▀[0m      [0m
[0m  [38;2;0;0;0m[48;2;0;145;88m▀[48;2;0;184;112m▀[38;2;0;145;88m▀[38;2;0;184;112m▀▀▀▀▀▀▀▀▀▀▀▀▀▀[38;2;0;145;88m▀[38;2;0;0;0m▀[48;2;0;145;88m▀[0m  [0m
[0m [38;2;0;145;88m[48;2;0;184;112m▀[38;2;0;184;112m▀▀▀▀▀▀▀▀▀[38;2;0;145;88m[48;2;0;0;0m▀[38;2;0;0;0m[48;2;0;145;88m▀▀[38;2;0;145;88m[48;2;0;0;0m▀[38;2;0;184;112m[48;2;0;184;112m▀▀▀▀▀▀▀[38;2;0;145;88m▀[0m [0m
[0m [38;2;0;184;112m[48;2;0;184;112m▀▀▀▀▀▀▀▀▀[38;2;0;145;88m▀[48;2;0;0;0m▀[38;2;0;184;112m[48;2;0;145;88m▀▀[0m [38;2;0;145;88m[48;2;0;184;112m▀[38;2;0;184;112m▀▀▀▀▀▀▀[0m [0m
[0m [38;2;0;184;112m[48;2;0;184;112m▀▀▀▀[48;2;0;0;0m▀▀[48;2;0;145;88m▀[48;2;0;184;112m▀▀▀[38;2;0;145;88m▀[38;2;0;0;0m[48;2;0;145;88m▀[0m [38;2;0;145;88m[48;2;0;184;112m▀[38;2;0;184;112m▀▀▀▀▀▀▀▀[0m [0m
[0m [38;2;0;184;112m[48;2;0;184;112m▀▀▀[0m [38;2;0;145;88m[48;2;0;184;112m▀[38;2;0;184;112m▀[38;2;0;145;88m[48;2;0;145;88m▀▀[38;2;0;184;112m[48;2;0;184;112m▀▀▀[38;2;0;145;88m[48;2;0;0;0m▀[0m [38;2;0;184;112m[48;2;0;184;112m▀▀▀▀▀▀▀▀▀[0m [0m
[0m [38;2;0;184;112m[48;2;0;184;112m▀▀▀[38;2;0;145;88m▀[38;2;0;0;0m[48;2;0;145;88m▀[38;2;0;145;88m▀[0m [38;2;0;145;88m▀[38;2;0;184;112m[48;2;0;145;88m▀[48;2;0;184;112m▀[38;2;0;145;88m[48;2;0;0;0m▀[0m [38;2;0;145;88m[48;2;0;184;112m▀[38;2;0;184;112m▀[48;2;0;0;0m▀[38;2;0;145;88m[48;2;0;145;88m▀▀[38;2;0;184;112m[48;2;0;0;0m▀[48;2;0;184;112m▀▀▀▀[0m [0m
[0m [38;2;0;184;112m[48;2;0;184;112m▀▀▀▀▀▀▀[38;2;0;145;88m▀[38;2;0;0;0m[48;2;0;145;88m▀[0m  [38;2;0;145;88m[48;2;0;184;112m▀[38;2;0;184;112m▀[38;2;0;145;88m[48;2;0;145;88m▀[48;2;0;0;0m▀[38;2;0;184;112m[48;2;0;184;112m▀▀[0m [38;2;0;145;88m[48;2;0;184;112m▀[38;2;0;184;112m▀▀▀[0m [0m
[0m [38;2;0;184;112m[48;2;0;145;88m▀[48;2;0;184;112m▀▀▀▀▀▀▀[48;2;0;145;88m▀[0m [38;2;0;145;88m[48;2;0;145;88m▀[38;2;0;184;112m[48;2;0;184;112m▀[48;2;0;145;88m▀[48;2;0;0;0m▀[0m [38;2;0;0;0m[48;2;0;145;88m▀[48;2;0;184;112m▀[38;2;0;145;88m▀[38;2;0;184;112m▀▀▀[48;2;0;145;88m▀[0m [0m
[0m  [38;2;0;145;88m▀[38;2;0;184;112m▀[48;2;0;145;88m▀[48;2;0;184;112m▀▀▀▀[38;2;0;145;88m▀[0m [38;2;0;145;88m▀▀[38;2;0;0;0m[48;2;0;145;88m▀[48;2;0;184;112m▀[38;2;0;145;88m▀[38;2;0;184;112m▀▀▀[48;2;0;145;88m▀[48;2;0;0;0m▀[38;2;0;145;88m▀[0m  [0m
[0m     [38;2;0;145;88m▀▀[38;2;0;184;112m[48;2;0;145;88m▀[48;2;0;184;112m▀▀[38;2;0;0;0m[48;2;0;145;88m▀[0m [38;2;0;184;112m[48;2;0;184;112m▀▀▀▀[48;2;0;145;88m▀[38;2;0;145;88m[48;2;0;0;0m▀▀[0m     [0m
[0m         [38;2;0;145;88m▀▀[0m [38;2;0;145;88m▀[38;2;0;184;112m▀[38;2;0;145;88m▀[0m         [0m
